country,item,year,area,yield
Spain,Apples,1961,16800,22946.4
Spain,Apples,1962,17400,15775.9
Spain,Apples,1963,18100,26558
Spain,Apples,1964,22200,14486.5
Spain,Apples,1965,26400,16924.2
Spain,Apples,1966,27300,15098.9
Spain,Apples,1967,28600,13227.3
Spain,Apples,1968,30200,15897.4
Spain,Apples,1969,32400,14345.7
Spain,Apples,1970,43400,11149.8
Spain,Apples,1971,49300,13336.7
Spain,Apples,1972,52900,14087
Spain,Apples,1973,61000,16641
Spain,Apples,1974,65600,15826.2
Spain,Apples,1975,67100,16076
Spain,Apples,1976,67600,14900.9
Spain,Apples,1977,62600,11661.3
Spain,Apples,1978,62200,17234.7
Spain,Apples,1979,60400,19233.4
Spain,Apples,1980,59500,15648.7
Spain,Apples,1981,58700,18102.2
Spain,Apples,1982,58700,15190.8
Spain,Apples,1983,57900,18575.1
Spain,Apples,1984,56900,18072.1
Spain,Apples,1985,68300,15665.8
Spain,Apples,1986,60900,13422
Spain,Apples,1987,65600,15899.4
Spain,Apples,1988,61200,14176.5
Spain,Apples,1989,60900,13300.5
Spain,Apples,1990,60900,10780
Spain,Apples,1991,59400,8700.3
Spain,Apples,1992,57300,19116.9
Spain,Apples,1993,53700,16582.9
Spain,Apples,1994,52700,14686.1
Spain,Apples,1995,51500,15844.7
Spain,Apples,1996,49400,18206.5
Spain,Apples,1997,49600,19832.7
Spain,Apples,1998,49300,14929
Spain,Apples,1999,49100,20130.3
Spain,Apples,2000,48760,16689.5
Spain,Apples,2001,42316,21680
Spain,Apples,2002,43205,16082
Spain,Apples,2003,46020,19146
Spain,Apples,2004,42189,16376
Spain,Apples,2005,38974,19864.8
Spain,Apples,2006,37844,17185.9
Spain,Apples,2007,36902,19543.1
Spain,Apples,2008,33362,19834.7
Spain,Apples,2009,32715,18400.7
Spain,Apples,2010,31812,20304.2
Spain,Apples,2011,31507,21273.5
Spain,Apples,2012,30753,15648
Spain,Apples,2013,30800,17740.3
Spain,Apples,2014,30726,20205.1
Spain,Apples,2015,30721,19322
Spain,Apples,2016,30872,20120.6
Spain,Apples,2017,30550,19215.5
Spain,Apples,2018,29930,18809.2
Spain,Apples,2019,29640,21553.3
Spain,Apricots,1961,10400,10567.3
Spain,Apricots,1962,10800,10083.3
Spain,Apricots,1963,11700,9376.1
Spain,Apricots,1964,12900,10038.8
Spain,Apricots,1965,15100,13211.9
Spain,Apricots,1966,15500,10180.6
Spain,Apricots,1967,14200,9521.1
Spain,Apricots,1968,16500,11181.8
Spain,Apricots,1969,17400,5770.1
Spain,Apricots,1970,22500,7191.1
Spain,Apricots,1971,20500,7112.2
Spain,Apricots,1972,22600,7039.8
Spain,Apricots,1973,22900,5720.5
Spain,Apricots,1974,22800,9333.3
Spain,Apricots,1975,23300,5682.4
Spain,Apricots,1976,21600,10013.9
Spain,Apricots,1977,20200,3242.6
Spain,Apricots,1978,20200,10866.3
Spain,Apricots,1979,19500,7923.1
Spain,Apricots,1980,19300,5896.4
Spain,Apricots,1981,19600,8862.2
Spain,Apricots,1982,19900,9070.4
Spain,Apricots,1983,21300,7093.9
Spain,Apricots,1984,19200,10838.5
Spain,Apricots,1985,20000,7533.2
Spain,Apricots,1986,20400,7402
Spain,Apricots,1987,21400,6635.5
Spain,Apricots,1988,21900,7187.2
Spain,Apricots,1989,22800,7236.8
Spain,Apricots,1990,22800,5245.6
Spain,Apricots,1991,23900,8824.3
Spain,Apricots,1992,24100,8244.8
Spain,Apricots,1993,23900,8786.6
Spain,Apricots,1994,23400,8555.6
Spain,Apricots,1995,22500,6164.4
Spain,Apricots,1996,23300,8489.3
Spain,Apricots,1997,24474,5798.6
Spain,Apricots,1998,25018,5987.7
Spain,Apricots,1999,24777,6010.6
Spain,Apricots,2000,23487,6067.1
Spain,Apricots,2001,20787,6483.2
Spain,Apricots,2002,21061,6056.2
Spain,Apricots,2003,20686,6953.5
Spain,Apricots,2004,19858,6117.7
Spain,Apricots,2005,19249,7125.9
Spain,Apricots,2006,18150,8643.1
Spain,Apricots,2007,18338,4854.6
Spain,Apricots,2008,18834,5793.1
Spain,Apricots,2009,19226,4952.7
Spain,Apricots,2010,18333,4293.6
Spain,Apricots,2011,18729,4638.8
Spain,Apricots,2012,18542,6370.1
Spain,Apricots,2013,20300,6492.6
Spain,Apricots,2014,18451,7395
Spain,Apricots,2015,18822,8164.2
Spain,Apricots,2016,20353,6859.2
Spain,Apricots,2017,21002,7755.1
Spain,Apricots,2018,20570,8570.2
Spain,Apricots,2019,20240,7205
Spain,Avocados,1961,35,9714.3
Spain,Avocados,1962,35,10657.1
Spain,Avocados,1963,35,10771.4
Spain,Avocados,1964,30,11566.7
Spain,Avocados,1965,40,10000
Spain,Avocados,1966,52,9019.2
Spain,Avocados,1967,62,9661.3
Spain,Avocados,1968,42,13214.3
Spain,Avocados,1969,63,10698.4
Spain,Avocados,1970,40,15000
Spain,Avocados,1971,54,16425.9
Spain,Avocados,1972,108,14129.6
Spain,Avocados,1973,150,12000
Spain,Avocados,1974,200,10000
Spain,Avocados,1975,300,8333.3
Spain,Avocados,1976,450,6666.7
Spain,Avocados,1977,580,6896.6
Spain,Avocados,1978,628,7879
Spain,Avocados,1979,850,7058.8
Spain,Avocados,1980,910,8347.3
Spain,Avocados,1981,1500,6666.7
Spain,Avocados,1982,2000,7500
Spain,Avocados,1983,2500,8000
Spain,Avocados,1984,3016,8139.6
Spain,Avocados,1985,3795,7366.5
Spain,Avocados,1986,4125,7341.1
Spain,Avocados,1987,4274,7612.1
Spain,Avocados,1988,5335,8058.5
Spain,Avocados,1989,6010,7690.8
Spain,Avocados,1990,6530,6872.9
Spain,Avocados,1991,7000,7449.1
Spain,Avocados,1992,7200,7388.5
Spain,Avocados,1993,7600,6808.6
Spain,Avocados,1994,7570,4504.6
Spain,Avocados,1995,7940,3520.8
Spain,Avocados,1996,7500,6944.7
Spain,Avocados,1997,8386,6249.6
Spain,Avocados,1998,7965,9256
Spain,Avocados,1999,8057,8203.9
Spain,Avocados,2000,8759,7288.8
Spain,Avocados,2001,8613,8705.6
Spain,Avocados,2002,9033,8214.8
Spain,Avocados,2003,9646,7942
Spain,Avocados,2004,9722,7847.9
Spain,Avocados,2005,9907,7569.8
Spain,Avocados,2006,9801,8144.5
Spain,Avocados,2007,9980,8228.1
Spain,Avocados,2008,10023,7341.6
Spain,Avocados,2009,10016,7181.6
Spain,Avocados,2010,10434,9332.8
Spain,Avocados,2011,10558,7901.7
Spain,Avocados,2012,10645,7171.2
Spain,Avocados,2013,10800,6425.9
Spain,Avocados,2014,10893,7105.6
Spain,Avocados,2015,11329,7647.3
Spain,Avocados,2016,11441,7998.3
Spain,Avocados,2017,11812,7867.9
Spain,Avocados,2018,12160,7367.6
Spain,Avocados,2019,14100,6931.2
Spain,Bananas,1961,9500,33189.5
Spain,Bananas,1962,9600,31812.5
Spain,Bananas,1963,9600,35510.4
Spain,Bananas,1964,9800,37163.3
Spain,Bananas,1965,9900,37616.2
Spain,Bananas,1966,10000,38510
Spain,Bananas,1967,10500,35533.3
Spain,Bananas,1968,10800,36564.8
Spain,Bananas,1969,10800,40018.5
Spain,Bananas,1970,11100,37900.9
Spain,Bananas,1971,13300,31947.4
Spain,Bananas,1972,12800,29460.9
Spain,Bananas,1973,12900,35054.3
Spain,Bananas,1974,12900,30907
Spain,Bananas,1975,12600,28650.8
Spain,Bananas,1976,12500,26968
Spain,Bananas,1977,12200,32245.9
Spain,Bananas,1978,13300,30165.4
Spain,Bananas,1979,13600,30073.5
Spain,Bananas,1980,13400,35462.7
Spain,Bananas,1981,13400,36373.1
Spain,Bananas,1982,13400,33970.1
Spain,Bananas,1983,13100,34732.8
Spain,Bananas,1984,12277,35772.2
Spain,Bananas,1985,11497,34998.5
Spain,Bananas,1986,11200,42017.9
Spain,Bananas,1987,10600,42377.4
Spain,Bananas,1988,9800,40306.1
Spain,Bananas,1989,9400,42180.9
Spain,Bananas,1990,9282,44850.2
Spain,Bananas,1991,9141,40838
Spain,Bananas,1992,8810,41782.1
Spain,Bananas,1993,8647,40314.6
Spain,Bananas,1994,8580,39395.6
Spain,Bananas,1995,8600,43802.3
Spain,Bananas,1996,8400,39952.4
Spain,Bananas,1997,8500,47810.4
Spain,Bananas,1998,8654,44511.2
Spain,Bananas,1999,8928,40873.1
Spain,Bananas,2000,8882,44694.1
Spain,Bananas,2001,9199,45867.1
Spain,Bananas,2002,9179,44529.1
Spain,Bananas,2003,9646,41684.6
Spain,Bananas,2004,9715,43038.7
Spain,Bananas,2005,9553,36130.6
Spain,Bananas,2006,9585,36345.1
Spain,Bananas,2007,9568,37434.9
Spain,Bananas,2008,9191,40390.4
Spain,Bananas,2009,9113,38683.4
Spain,Bananas,2010,9117,43499.9
Spain,Bananas,2011,9144,37893.7
Spain,Bananas,2012,9164,40507.5
Spain,Bananas,2013,9100,39670.3
Spain,Bananas,2014,9130,40007.4
Spain,Bananas,2015,8975,42560.8
Spain,Bananas,2016,9040,45211.9
Spain,Bananas,2017,9076,46420.6
Spain,Bananas,2018,9090,42489.5
Spain,Bananas,2019,9060,44008.8
Spain,Blueberries,1990,,
Spain,Blueberries,1991,,
Spain,Blueberries,1992,,
Spain,Blueberries,1993,,
Spain,Blueberries,1994,,
Spain,Blueberries,1995,251,17031.9
Spain,Blueberries,1996,265,16743.4
Spain,Blueberries,1997,279,16480.3
Spain,Blueberries,1998,294,16187.1
Spain,Blueberries,1999,310,15874.2
Spain,Blueberries,2000,326,15589
Spain,Blueberries,2001,343,15288.6
Spain,Blueberries,2002,360,15013.9
Spain,Blueberries,2003,378,14727.5
Spain,Blueberries,2004,396,14464.6
Spain,Blueberries,2005,415,14190.4
Spain,Blueberries,2006,435,13910.3
Spain,Blueberries,2007,455,13652.7
Spain,Blueberries,2008,477,13362.7
Spain,Blueberries,2009,499,13096.2
Spain,Blueberries,2010,522,12827.6
Spain,Blueberries,2011,547,12537.5
Spain,Blueberries,2012,572,12271
Spain,Blueberries,2013,975,12217.4
Spain,Blueberries,2014,1760,11965.9
Spain,Blueberries,2015,1803,11680.5
Spain,Blueberries,2016,2260,11037.6
Spain,Blueberries,2017,3260,10845.1
Spain,Blueberries,2018,3720,11698.9
Spain,Blueberries,2019,4030,13245.7
Spain,Carobs,1961,162600,2308.7
Spain,Carobs,1962,159300,2465.2
Spain,Carobs,1963,156600,2209.5
Spain,Carobs,1964,143200,2647.3
Spain,Carobs,1965,146800,2692.8
Spain,Carobs,1966,159000,2118.9
Spain,Carobs,1967,159200,1983
Spain,Carobs,1968,120600,2401.3
Spain,Carobs,1969,152200,2061.8
Spain,Carobs,1970,160200,1870.2
Spain,Carobs,1971,156200,1610.1
Spain,Carobs,1972,153000,1654.2
Spain,Carobs,1973,152100,2059.2
Spain,Carobs,1974,151200,1559.5
Spain,Carobs,1975,144100,1523.2
Spain,Carobs,1976,138700,1616.4
Spain,Carobs,1977,134800,1319.7
Spain,Carobs,1978,127500,1557.6
Spain,Carobs,1979,115600,1603.8
Spain,Carobs,1980,115600,1704.2
Spain,Carobs,1981,112800,1755.3
Spain,Carobs,1982,109800,1746.8
Spain,Carobs,1983,108000,1739.8
Spain,Carobs,1984,105300,1575.5
Spain,Carobs,1985,101200,1516.8
Spain,Carobs,1986,101000,1490.1
Spain,Carobs,1987,98200,1602.9
Spain,Carobs,1988,94100,1725.8
Spain,Carobs,1989,90900,1681.2
Spain,Carobs,1990,95600,1494.2
Spain,Carobs,1991,103,776.7
Spain,Carobs,1992,102,784.3
Spain,Carobs,1993,102,784.3
Spain,Carobs,1994,102,784.3
Spain,Carobs,1995,102,784.3
Spain,Carobs,1996,102,794.1
Spain,Carobs,1997,102,794.1
Spain,Carobs,1998,102,794.1
Spain,Carobs,1999,102,794.1
Spain,Carobs,2000,102,794.1
Spain,Carobs,2001,102,803.9
Spain,Carobs,2002,102,803.9
Spain,Carobs,2003,102,803.9
Spain,Carobs,2004,102,803.9
Spain,Carobs,2005,101,811.9
Spain,Carobs,2006,100,830
Spain,Carobs,2007,100,830
Spain,Carobs,2008,79,835.4
Spain,Carobs,2009,236,805.1
Spain,Carobs,2010,142,795.8
Spain,Carobs,2011,105,885.7
Spain,Carobs,2012,833,950.8
Spain,Carobs,2013,828,886.5
Spain,Carobs,2014,1109,799.8
Spain,Carobs,2015,1962,847.6
Spain,Carobs,2016,2685,930.7
Spain,Carobs,2017,2368,520.7
Spain,Cherries,1961,2300,20608.7
Spain,Cherries,1962,2500,17560
Spain,Cherries,1963,3200,17750
Spain,Cherries,1964,3500,14828.6
Spain,Cherries,1965,3500,14171.4
Spain,Cherries,1966,3700,13351.4
Spain,Cherries,1967,3900,11974.4
Spain,Cherries,1968,4700,11792.3
Spain,Cherries,1969,5000,10340
Spain,Cherries,1970,6600,7969.7
Spain,Cherries,1971,5500,9181.8
Spain,Cherries,1972,7200,8055.6
Spain,Cherries,1973,10200,6784.3
Spain,Cherries,1974,10400,7250
Spain,Cherries,1975,10500,6323.8
Spain,Cherries,1976,10900,7137.6
Spain,Cherries,1977,11400,4649.1
Spain,Cherries,1978,12400,6096.8
Spain,Cherries,1979,13150,6144.5
Spain,Cherries,1980,13400,5947.8
Spain,Cherries,1981,14000,5378.6
Spain,Cherries,1982,14400,5027.8
Spain,Cherries,1983,14900,4939.6
Spain,Cherries,1984,16100,4832.3
Spain,Cherries,1985,22100,3600.9
Spain,Cherries,1986,22100,2891.4
Spain,Cherries,1987,23000,2987
Spain,Cherries,1988,23200,1849.1
Spain,Cherries,1989,23900,2707.1
Spain,Cherries,1990,24500,2240.8
Spain,Cherries,1991,25000,2924
Spain,Cherries,1992,25800,3457.4
Spain,Cherries,1993,26300,3114.1
Spain,Cherries,1994,28000,2507.1
Spain,Cherries,1995,27800,1996.4
Spain,Cherries,1996,27600,2699.3
Spain,Cherries,1997,29500,2183.1
Spain,Cherries,1998,28600,2107.7
Spain,Cherries,1999,28900,3759.5
Spain,Cherries,2000,28777,3923.3
Spain,Cherries,2001,27830,3075.8
Spain,Cherries,2002,28661,3946.1
Spain,Cherries,2003,28727,3679.5
Spain,Cherries,2004,25855,3144.5
Spain,Cherries,2005,23515,3937.9
Spain,Cherries,2006,23626,3733.2
Spain,Cherries,2007,23644,3095.9
Spain,Cherries,2008,24071,2895.6
Spain,Cherries,2009,24304,4017.7
Spain,Cherries,2010,24290,3507.3
Spain,Cherries,2011,24967,4083.2
Spain,Cherries,2012,24972,3882.2
Spain,Cherries,2013,25300,3841.9
Spain,Cherries,2014,25594,4619.1
Spain,Cherries,2015,26492,3553.7
Spain,Cherries,2016,26946,3729.8
Spain,Cherries,2017,27592,4147.3
Spain,Cherries,2018,27370,3894
Spain,Cherries,2019,27470,4309.4
Spain,"Cherries, sour",1961,,
Spain,"Cherries, sour",1962,,
Spain,"Cherries, sour",1963,,
Spain,"Cherries, sour",1964,,
Spain,"Cherries, sour",1965,,
Spain,"Cherries, sour",1966,,
Spain,"Cherries, sour",1967,,
Spain,"Cherries, sour",1968,,
Spain,"Cherries, sour",1969,,
Spain,"Cherries, sour",1970,,
Spain,"Cherries, sour",1971,,
Spain,"Cherries, sour",1972,,
Spain,"Cherries, sour",1973,,
Spain,"Cherries, sour",1974,,
Spain,"Cherries, sour",1975,,
Spain,"Cherries, sour",1976,,
Spain,"Cherries, sour",1977,,
Spain,"Cherries, sour",1978,,
Spain,"Cherries, sour",1979,,
Spain,"Cherries, sour",1980,,
Spain,"Cherries, sour",1981,,
Spain,"Cherries, sour",1982,,
Spain,"Cherries, sour",1983,,
Spain,"Cherries, sour",1984,,
Spain,"Cherries, sour",1985,,
Spain,"Cherries, sour",1986,,
Spain,"Cherries, sour",1987,,
Spain,"Cherries, sour",1988,,
Spain,"Cherries, sour",1989,,
Spain,"Cherries, sour",1990,,
Spain,"Cherries, sour",1991,,
Spain,"Cherries, sour",1992,,
Spain,"Cherries, sour",1993,78,5128.2
Spain,"Cherries, sour",1994,292,5137
Spain,"Cherries, sour",1995,293,5119.5
Spain,"Cherries, sour",1996,326,5116.6
Spain,"Cherries, sour",1997,304,5095.4
Spain,"Cherries, sour",1998,332,5096.4
Spain,"Cherries, sour",1999,352,5076.7
Spain,"Cherries, sour",2000,371,5075.5
Spain,"Cherries, sour",2001,395,5063.3
Spain,"Cherries, sour",2002,404,5198
Spain,"Cherries, sour",2003,407,5651.1
Spain,"Cherries, sour",2004,400,5500
Spain,"Cherries, sour",2005,600,5166.7
Spain,"Cherries, sour",2006,700,5000
Spain,"Cherries, sour",2007,500,5000
Spain,"Cherries, sour",2008,600,4666.7
Spain,"Cherries, sour",2009,700,5000
Spain,"Cherries, sour",2010,500,5000
Spain,"Cherries, sour",2011,600,4666.7
Spain,"Cherries, sour",2012,293,5836.2
Spain,"Cherries, sour",2013,60,7333.3
Spain,"Cherries, sour",2014,50,5600
Spain,"Cherries, sour",2015,100,4200
Spain,"Cherries, sour",2016,120,3583.3
Spain,"Cherries, sour",2017,130,2846.2
Spain,"Cherries, sour",2018,130,3230.8
Spain,"Cherries, sour",2019,130,2923.1
Spain,Cranberries,1991,,
Spain,Cranberries,1992,,
Spain,Cranberries,1993,,
Spain,Cranberries,1994,,
Spain,Cranberries,1995,,
Spain,Cranberries,1996,,
Spain,Cranberries,1997,,
Spain,Cranberries,1998,,
Spain,Cranberries,1999,,
Spain,Cranberries,2000,,
Spain,Cranberries,2001,,
Spain,Cranberries,2002,,
Spain,Cranberries,2003,,
Spain,Cranberries,2004,,
Spain,Cranberries,2005,,
Spain,Cranberries,2006,,
Spain,Cranberries,2007,,
Spain,Cranberries,2008,,
Spain,Cranberries,2009,,
Spain,Cranberries,2010,,
Spain,Cranberries,2011,,
Spain,Cranberries,2012,,
Spain,Cranberries,2013,,
Spain,Cranberries,2014,,
Spain,Cranberries,2015,,
Spain,Cranberries,2016,,
Spain,Cranberries,2017,,
Spain,Currants,1991,,
Spain,Currants,1992,,
Spain,Currants,1993,,
Spain,Currants,1994,,
Spain,Currants,1995,,
Spain,Currants,1996,,
Spain,Currants,1997,,
Spain,Currants,1998,,
Spain,Currants,1999,,
Spain,Currants,2000,,
Spain,Currants,2001,,
Spain,Currants,2002,,
Spain,Currants,2003,,
Spain,Currants,2004,,
Spain,Currants,2005,,
Spain,Currants,2006,,
Spain,Currants,2007,,
Spain,Currants,2008,,
Spain,Currants,2009,,
Spain,Currants,2010,,
Spain,Currants,2011,,
Spain,Currants,2012,,
Spain,Currants,2013,,
Spain,Currants,2014,,
Spain,Currants,2015,,
Spain,Currants,2016,,
Spain,Currants,2017,,
Spain,Currants,2018,20,1500
Spain,Currants,2019,20,4500
Spain,Dates,1961,405,29629.6
Spain,Dates,1962,401,29925.2
Spain,Dates,1963,401,29925.2
Spain,Dates,1964,531,28248.6
Spain,Dates,1965,621,27375.2
Spain,Dates,1966,620,25367.7
Spain,Dates,1967,620,24101.6
Spain,Dates,1968,620,26135.5
Spain,Dates,1969,620,25545.2
Spain,Dates,1970,710,20952.1
Spain,Dates,1971,710,22456.3
Spain,Dates,1972,706,21223.8
Spain,Dates,1973,759,21527
Spain,Dates,1974,752,21102.4
Spain,Dates,1975,751,20873.5
Spain,Dates,1976,736,20934.8
Spain,Dates,1977,589,21545
Spain,Dates,1978,587,21451.4
Spain,Dates,1979,453,21580.6
Spain,Dates,1980,449,21236.1
Spain,Dates,1981,534,20711.6
Spain,Dates,1982,542,21048
Spain,Dates,1983,557,19594.3
Spain,Dates,1984,662,19105.7
Spain,Dates,1985,660,19390.9
Spain,Dates,1986,602,18704.3
Spain,Dates,1987,572,18610.1
Spain,Dates,1988,516,18668.6
Spain,Dates,1989,516,18967.1
Spain,Dates,1990,603,18575.5
Spain,Dates,1991,427,18004.7
Spain,Dates,1992,442,17629
Spain,Dates,1993,416,18995.2
Spain,Dates,1994,456,17653.5
Spain,Dates,1995,464,17284.5
Spain,Dates,1996,494,16406.9
Spain,Dates,1997,588,13670.1
Spain,Dates,1998,585,12827.4
Spain,Dates,1999,525,14409.5
Spain,Dates,2000,754,4929.7
Spain,Dates,2001,856,4359.8
Spain,Dates,2002,764,4517
Spain,Dates,2003,764,4685.9
Spain,Dates,2004,866,4934.2
Spain,Dates,2005,893,4882.4
Spain,Dates,2006,865,5343.4
Spain,Dates,2007,950,5263.2
Spain,Dates,2008,837,5353.6
Spain,Dates,2009,830,5343.4
Spain,Dates,2010,736,5437.5
Spain,Dates,2011,679,5509.6
Spain,Dates,2012,613,6479.6
Spain,Dates,2013,588,4884.4
Spain,Dates,2014,700,5714.3
Spain,Dates,2015,603,4857.4
Spain,Dates,2016,501,3942.1
Spain,Dates,2017,492,3756.1
Spain,Figs,1961,49800,4096.4
Spain,Figs,1962,48100,3471.9
Spain,Figs,1963,47700,2997.9
Spain,Figs,1964,44600,3251.1
Spain,Figs,1965,47300,3107.8
Spain,Figs,1966,41800,3476.1
Spain,Figs,1967,39800,3746.2
Spain,Figs,1968,41400,3702.9
Spain,Figs,1969,40300,3915.6
Spain,Figs,1970,30800,3308.4
Spain,Figs,1971,31900,3178.7
Spain,Figs,1972,26100,3172.4
Spain,Figs,1973,28200,3039
Spain,Figs,1974,27200,3422.8
Spain,Figs,1975,26400,3322
Spain,Figs,1976,25300,3470.4
Spain,Figs,1977,24900,2140.6
Spain,Figs,1978,24200,2466.9
Spain,Figs,1979,23400,2515.4
Spain,Figs,1980,23000,2491.3
Spain,Figs,1981,22400,2178.6
Spain,Figs,1982,21900,2210
Spain,Figs,1983,21400,1827.1
Spain,Figs,1984,20560,2026.3
Spain,Figs,1985,28700,1752.5
Spain,Figs,1986,27800,1733.8
Spain,Figs,1987,27300,2041.1
Spain,Figs,1988,26700,1973.8
Spain,Figs,1989,24900,1970.4
Spain,Figs,1990,26500,2149.5
Spain,Figs,1991,25900,2307.5
Spain,Figs,1992,25600,2394.1
Spain,Figs,1993,23300,2339.8
Spain,Figs,1994,24300,2452.7
Spain,Figs,1995,19400,2674.4
Spain,Figs,1996,20100,3069.7
Spain,Figs,1997,20812,3021.5
Spain,Figs,1998,20074,3001.4
Spain,Figs,1999,20252,3138.9
Spain,Figs,2000,19625,2854.2
Spain,Figs,2001,18958,2276.8
Spain,Figs,2002,19250,2136.6
Spain,Figs,2003,19829,2195.4
Spain,Figs,2004,19446,2123.7
Spain,Figs,2005,19314,1827.4
Spain,Figs,2006,12332,2144.2
Spain,Figs,2007,12344,2098.7
Spain,Figs,2008,12509,2464.5
Spain,Figs,2009,11953,2436.2
Spain,Figs,2010,11488,2642
Spain,Figs,2011,11761,2465.2
Spain,Figs,2012,12294,1894
Spain,Figs,2013,12400,2451.6
Spain,Figs,2014,12575,2297.9
Spain,Figs,2015,12751,2076.6
Spain,Figs,2016,12613,3624.7
Spain,Figs,2017,13564,2682.1
Spain,Figs,2018,13980,3415.6
Spain,Figs,2019,14600,3534.2
Spain,Gooseberries,1991,0,
Spain,Gooseberries,1992,0,
Spain,Gooseberries,1993,0,
Spain,Gooseberries,1994,0,
Spain,Gooseberries,1995,0,
Spain,Gooseberries,1996,0,
Spain,Gooseberries,1997,0,
Spain,Gooseberries,1998,0,
Spain,Gooseberries,1999,0,
Spain,Gooseberries,2000,0,
Spain,Gooseberries,2001,0,
Spain,Gooseberries,2002,0,
Spain,Gooseberries,2003,0,
Spain,Gooseberries,2004,0,
Spain,Gooseberries,2005,0,
Spain,Gooseberries,2006,8,125
Spain,Gooseberries,2007,11,181.8
Spain,Gooseberries,2008,15,200
Spain,Gooseberries,2009,19,210.5
Spain,Gooseberries,2010,31,193.5
Spain,Gooseberries,2011,28,214.3
Spain,Gooseberries,2012,32,218.8
Spain,Gooseberries,2013,94,85.1
Spain,Gooseberries,2014,0,
Spain,Gooseberries,2015,20,700
Spain,Gooseberries,2016,18,1055.6
Spain,Gooseberries,2017,20,1800
Spain,Grapefruit,1961,245,16326.5
Spain,Grapefruit,1962,265,15094.3
Spain,Grapefruit,1963,275,18181.8
Spain,Grapefruit,1964,205,19512.2
Spain,Grapefruit,1965,212,18867.9
Spain,Grapefruit,1966,232,19413.8
Spain,Grapefruit,1967,257,18844.4
Spain,Grapefruit,1968,287,22637.6
Spain,Grapefruit,1969,296,23841.2
Spain,Grapefruit,1970,470,12563.8
Spain,Grapefruit,1971,430,11890.7
Spain,Grapefruit,1972,259,12965.3
Spain,Grapefruit,1973,298,13550.3
Spain,Grapefruit,1974,347,12198.8
Spain,Grapefruit,1975,446,15695.1
Spain,Grapefruit,1976,347,18613.8
Spain,Grapefruit,1977,476,19460.1
Spain,Grapefruit,1978,359,16473.5
Spain,Grapefruit,1979,477,18174
Spain,Grapefruit,1980,488,18207
Spain,Grapefruit,1981,527,17077.8
Spain,Grapefruit,1982,574,20047
Spain,Grapefruit,1983,567,23220.5
Spain,Grapefruit,1984,582,14472.5
Spain,Grapefruit,1985,609,20962.2
Spain,Grapefruit,1986,627,28749.6
Spain,Grapefruit,1987,846,21485.8
Spain,Grapefruit,1988,843,27437.7
Spain,Grapefruit,1989,1259,17633
Spain,Grapefruit,1990,1087,19615.5
Spain,Grapefruit,1991,1041,21888.6
Spain,Grapefruit,1992,1081,29962.1
Spain,Grapefruit,1993,1155,21688.3
Spain,Grapefruit,1994,1167,23527
Spain,Grapefruit,1995,1197,24594.8
Spain,Grapefruit,1996,887,22863.6
Spain,Grapefruit,1997,837,30225.8
Spain,Grapefruit,1998,868,29972.4
Spain,Grapefruit,1999,867,26093.4
Spain,Grapefruit,2000,923,24880.8
Spain,Grapefruit,2001,911,29058.2
Spain,Grapefruit,2002,1037,29754.1
Spain,Grapefruit,2003,951,26012.6
Spain,Grapefruit,2004,1117,26652.6
Spain,Grapefruit,2005,1168,28019.7
Spain,Grapefruit,2006,1235,34386.2
Spain,Grapefruit,2007,1232,33376.6
Spain,Grapefruit,2008,1640,26609.1
Spain,Grapefruit,2009,1699,23742.8
Spain,Grapefruit,2010,1851,25296.6
Spain,Grapefruit,2011,1882,25627.5
Spain,Grapefruit,2012,1869,30301.8
Spain,Grapefruit,2013,1800,32666.7
Spain,Grapefruit,2014,1862,36797
Spain,Grapefruit,2015,1976,36314.8
Spain,Grapefruit,2016,1794,40265.3
Spain,Grapefruit,2017,2066,38118.1
Spain,Grapefruit,2018,2240,31526.8
Spain,Grapefruit,2019,2430,29000
Spain,Grapes,1961,1742000,1893.2
Spain,Grapes,1962,1640000,2359.8
Spain,Grapes,1963,1660000,2474.7
Spain,Grapes,1964,1678000,3285.5
Spain,Grapes,1965,1688000,2592.4
Spain,Grapes,1966,1537100,3225.7
Spain,Grapes,1967,1576400,2366.7
Spain,Grapes,1968,1585800,2422.1
Spain,Grapes,1969,1575000,2530.5
Spain,Grapes,1970,1528500,2708.3
Spain,Grapes,1971,1476200,2721.6
Spain,Grapes,1972,1540800,2963.3
Spain,Grapes,1973,1574200,4134.5
Spain,Grapes,1974,1567000,3739.4
Spain,Grapes,1975,1610600,3229.9
Spain,Grapes,1976,1622000,2573.9
Spain,Grapes,1977,1636900,2184
Spain,Grapes,1978,1639622,2859.2
Spain,Grapes,1979,1632026,4680.3
Spain,Grapes,1980,1657400,4055.4
Spain,Grapes,1981,1657000,3260.4
Spain,Grapes,1982,1658000,3635.7
Spain,Grapes,1983,1645330,3111.3
Spain,Grapes,1984,1587250,3548.4
Spain,Grapes,1985,1552387,3510.9
Spain,Grapes,1986,1531200,3828.7
Spain,Grapes,1987,1514000,4204
Spain,Grapes,1988,1439900,2611.6
Spain,Grapes,1989,1434900,3508
Spain,Grapes,1990,1402274,4616.6
Spain,Grapes,1991,1378892,3769
Spain,Grapes,1992,1309169,4397.7
Spain,Grapes,1993,1235000,3698.5
Spain,Grapes,1994,1192600,2728.8
Spain,Grapes,1995,1160100,2887.8
Spain,Grapes,1996,1122400,4431.2
Spain,Grapes,1997,1126989,4901
Spain,Grapes,1998,1117900,4604
Spain,Grapes,1999,1115282,5028
Spain,Grapes,2000,1167703,5600.6
Spain,Grapes,2001,1134892,4645.1
Spain,Grapes,2002,1186107,5003.4
Spain,Grapes,2003,1172797,6173.7
Spain,Grapes,2004,1170625,6034.6
Spain,Grapes,2005,1161411,5219.9
Spain,Grapes,2006,1135229,5809.4
Spain,Grapes,2007,1131315,5270.5
Spain,Grapes,2008,1109049,5366.4
Spain,Grapes,2009,1049358,5275
Spain,Grapes,2010,1002100,6094.8
Spain,Grapes,2011,963095,6031.9
Spain,Grapes,2012,947096,5630
Spain,Grapes,2013,944200,7922.1
Spain,Grapes,2014,931065,6683.3
Spain,Grapes,2015,941056,6162.4
Spain,Grapes,2016,935105,6526.4
Spain,Grapes,2017,937763,5745
Spain,Grapes,2018,939920,7429.6
Spain,Grapes,2019,936890,6132.5
Spain,Kiwi fruit,1987,800,875
Spain,Kiwi fruit,1988,1000,1000
Spain,Kiwi fruit,1989,1200,2500
Spain,Kiwi fruit,1990,2000,3000
Spain,Kiwi fruit,1991,130,8853.8
Spain,Kiwi fruit,1992,632,17006.3
Spain,Kiwi fruit,1993,727,12784
Spain,Kiwi fruit,1994,869,12927.5
Spain,Kiwi fruit,1995,839,11122.8
Spain,Kiwi fruit,1996,600,13435
Spain,Kiwi fruit,1997,709,12427.4
Spain,Kiwi fruit,1998,646,10396.3
Spain,Kiwi fruit,1999,691,12363.2
Spain,Kiwi fruit,2000,896,15943.1
Spain,Kiwi fruit,2001,910,14505.5
Spain,Kiwi fruit,2002,920,14565.2
Spain,Kiwi fruit,2003,700,14285.7
Spain,Kiwi fruit,2004,900,12645.6
Spain,Kiwi fruit,2005,1198,9124.4
Spain,Kiwi fruit,2006,1186,15567.5
Spain,Kiwi fruit,2007,1158,12120.9
Spain,Kiwi fruit,2008,1187,14919.1
Spain,Kiwi fruit,2009,1183,21373.6
Spain,Kiwi fruit,2010,1196,21468.2
Spain,Kiwi fruit,2011,1213,19311.6
Spain,Kiwi fruit,2012,1413,13307.9
Spain,Kiwi fruit,2013,1400,14142.9
Spain,Kiwi fruit,2014,1469,14214.4
Spain,Kiwi fruit,2015,1502,14071.2
Spain,Kiwi fruit,2016,1898,11279.8
Spain,Kiwi fruit,2017,1485,14453.2
Spain,Kiwi fruit,2018,1470,16210.9
Spain,Kiwi fruit,2019,1550,15812.9
Spain,Lemons and limes,1961,8200,14756.1
Spain,Lemons and limes,1962,8400,9523.8
Spain,Lemons and limes,1963,8900,11910.1
Spain,Lemons and limes,1964,11300,11858.4
Spain,Lemons and limes,1965,11200,8571.4
Spain,Lemons and limes,1966,11400,8184.2
Spain,Lemons and limes,1967,11600,9569
Spain,Lemons and limes,1968,12100,6652.9
Spain,Lemons and limes,1969,12400,10500
Spain,Lemons and limes,1970,15300,6326.8
Spain,Lemons and limes,1971,16400,6689
Spain,Lemons and limes,1972,18000,10916.7
Spain,Lemons and limes,1973,17300,15341
Spain,Lemons and limes,1974,18700,12053.5
Spain,Lemons and limes,1975,22200,11427.9
Spain,Lemons and limes,1976,23400,10166.7
Spain,Lemons and limes,1977,26000,12946.2
Spain,Lemons and limes,1978,26000,9526.9
Spain,Lemons and limes,1979,31080,11155.1
Spain,Lemons and limes,1980,33300,10090.1
Spain,Lemons and limes,1981,37000,11981.1
Spain,Lemons and limes,1982,38000,11302.6
Spain,Lemons and limes,1983,38850,14015.4
Spain,Lemons and limes,1984,45200,6391.6
Spain,Lemons and limes,1985,48111,10010.9
Spain,Lemons and limes,1986,49600,12481.9
Spain,Lemons and limes,1987,48600,15185.2
Spain,Lemons and limes,1988,49700,14748.5
Spain,Lemons and limes,1989,47000,13304.3
Spain,Lemons and limes,1990,46199,13630.2
Spain,Lemons and limes,1991,44745,12411.8
Spain,Lemons and limes,1992,45022,16513.6
Spain,Lemons and limes,1993,43530,18130
Spain,Lemons and limes,1994,43100,15181
Spain,Lemons and limes,1995,41085,14737.7
Spain,Lemons and limes,1996,42100,16940.6
Spain,Lemons and limes,1997,44738,20388.7
Spain,Lemons and limes,1998,44000,20038.6
Spain,Lemons and limes,1999,45213,19322.8
Spain,Lemons and limes,2000,45833,19964.9
Spain,Lemons and limes,2001,47450,21582.8
Spain,Lemons and limes,2002,47141,19807.2
Spain,Lemons and limes,2003,47368,23847.2
Spain,Lemons and limes,2004,47313,17125.6
Spain,Lemons and limes,2005,45171,20916.9
Spain,Lemons and limes,2006,43247,20282
Spain,Lemons and limes,2007,41996,12065.4
Spain,Lemons and limes,2008,46809,14696.7
Spain,Lemons and limes,2009,39371,14177.4
Spain,Lemons and limes,2010,40801,17595.3
Spain,Lemons and limes,2011,39571,18604.5
Spain,Lemons and limes,2012,39463,17322.7
Spain,Lemons and limes,2013,38400,18627.6
Spain,Lemons and limes,2014,37743,28898.3
Spain,Lemons and limes,2015,38484,23029.6
Spain,Lemons and limes,2016,41218,23183.5
Spain,Lemons and limes,2017,43087,21482.5
Spain,Lemons and limes,2018,46010,23630.3
Spain,Lemons and limes,2019,46840,18891.8
Spain,Oranges,1961,90200,18893.6
Spain,Oranges,1962,93400,12988.2
Spain,Oranges,1963,98800,18376.5
Spain,Oranges,1964,88100,18406.4
Spain,Oranges,1965,92900,18905.3
Spain,Oranges,1966,98400,20286.6
Spain,Oranges,1967,103200,17643.4
Spain,Oranges,1968,105500,15341.2
Spain,Oranges,1969,113400,19291.5
Spain,Oranges,1970,117800,13775.9
Spain,Oranges,1971,127100,14482.3
Spain,Oranges,1972,125300,18033.5
Spain,Oranges,1973,133700,15561.7
Spain,Oranges,1974,136400,14080.6
Spain,Oranges,1975,140700,14325.5
Spain,Oranges,1976,141200,12786.8
Spain,Oranges,1977,131900,13584.5
Spain,Oranges,1978,129800,12719.6
Spain,Oranges,1979,115000,15581.7
Spain,Oranges,1980,116800,14649
Spain,Oranges,1981,114300,12847.8
Spain,Oranges,1982,114900,14825.9
Spain,Oranges,1983,109500,19008.2
Spain,Oranges,1984,110102,12287
Spain,Oranges,1985,115000,17116.5
Spain,Oranges,1986,118500,17546
Spain,Oranges,1987,127000,19321.3
Spain,Oranges,1988,125000,18016
Spain,Oranges,1989,126500,21264.8
Spain,Oranges,1990,129000,20186
Spain,Oranges,1991,132000,20189.4
Spain,Oranges,1992,134500,21866.2
Spain,Oranges,1993,141300,17855.6
Spain,Oranges,1994,136000,19941.2
Spain,Oranges,1995,134200,19279.4
Spain,Oranges,1996,133800,16448.4
Spain,Oranges,1997,135584,20983.6
Spain,Oranges,1998,138100,17779.8
Spain,Oranges,1999,135223,19897.1
Spain,Oranges,2000,134533,19446.7
Spain,Oranges,2001,138092,20988.7
Spain,Oranges,2002,121445,24398.4
Spain,Oranges,2003,136757,22318.2
Spain,Oranges,2004,135668,20396.5
Spain,Oranges,2005,138769,17123.6
Spain,Oranges,2006,140039,24257.6
Spain,Oranges,2007,145856,18787.6
Spain,Oranges,2008,153429,22227.1
Spain,Oranges,2009,152776,17472.3
Spain,Oranges,2010,153631,20274.6
Spain,Oranges,2011,153222,18397.4
Spain,Oranges,2012,152340,19313.9
Spain,Oranges,2013,150800,22507.3
Spain,Oranges,2014,145358,24040.4
Spain,Oranges,2015,147420,19911.6
Spain,Oranges,2016,142171,25841.5
Spain,Oranges,2017,140505,23893.5
Spain,Oranges,2018,139630,26067.8
Spain,Oranges,2019,140310,22998.1
Spain,Peaches and nectarines,1961,8700,13563.2
Spain,Peaches and nectarines,1962,8900,11887.6
Spain,Peaches and nectarines,1963,9900,13181.8
Spain,Peaches and nectarines,1964,13700,11182.5
Spain,Peaches and nectarines,1965,15500,10935.5
Spain,Peaches and nectarines,1966,16000,8662.5
Spain,Peaches and nectarines,1967,16100,8472
Spain,Peaches and nectarines,1968,19800,10570.7
Spain,Peaches and nectarines,1969,22500,8480
Spain,Peaches and nectarines,1970,30400,7519.7
Spain,Peaches and nectarines,1971,31700,8807.6
Spain,Peaches and nectarines,1972,39900,8298.2
Spain,Peaches and nectarines,1973,46300,8064.8
Spain,Peaches and nectarines,1974,47900,8718.2
Spain,Peaches and nectarines,1975,48100,5910.6
Spain,Peaches and nectarines,1976,47900,9582.5
Spain,Peaches and nectarines,1977,45900,4623.1
Spain,Peaches and nectarines,1978,44000,9768.2
Spain,Peaches and nectarines,1979,43100,9473.3
Spain,Peaches and nectarines,1980,44500,8692.1
Spain,Peaches and nectarines,1981,44100,10108.8
Spain,Peaches and nectarines,1982,45600,10506.6
Spain,Peaches and nectarines,1983,46900,10462.7
Spain,Peaches and nectarines,1984,50100,10155.7
Spain,Peaches and nectarines,1985,56500,9691.5
Spain,Peaches and nectarines,1986,59700,9199.3
Spain,Peaches and nectarines,1987,61200,9869.3
Spain,Peaches and nectarines,1988,65800,9869.3
Spain,Peaches and nectarines,1989,69200,11067.9
Spain,Peaches and nectarines,1990,71900,8752.4
Spain,Peaches and nectarines,1991,73800,9863.1
Spain,Peaches and nectarines,1992,73200,13985
Spain,Peaches and nectarines,1993,75900,11289.9
Spain,Peaches and nectarines,1994,75000,11608
Spain,Peaches and nectarines,1995,74600,8863.3
Spain,Peaches and nectarines,1996,71300,12197.8
Spain,Peaches and nectarines,1997,70500,13644.4
Spain,Peaches and nectarines,1998,71247,12736
Spain,Peaches and nectarines,1999,70339,13965.6
Spain,Peaches and nectarines,2000,72219,15644.7
Spain,Peaches and nectarines,2001,69110,15660.3
Spain,Peaches and nectarines,2002,77707,16418.5
Spain,Peaches and nectarines,2003,78453,16198.5
Spain,Peaches and nectarines,2004,78452,12588.3
Spain,Peaches and nectarines,2005,79077,15944.9
Spain,Peaches and nectarines,2006,80258,15519
Spain,Peaches and nectarines,2007,80587,15152.2
Spain,Peaches and nectarines,2008,75425,16497.1
Spain,Peaches and nectarines,2009,76730,16093.9
Spain,Peaches and nectarines,2010,82717,15552.5
Spain,Peaches and nectarines,2011,81374,16422.5
Spain,Peaches and nectarines,2012,83997,13951.2
Spain,Peaches and nectarines,2013,84400,15755.9
Spain,Peaches and nectarines,2014,86118,18273.1
Spain,Peaches and nectarines,2015,86506,18282.1
Spain,Peaches and nectarines,2016,85320,16662.9
Spain,Peaches and nectarines,2017,84219,21369.1
Spain,Peaches and nectarines,2018,80310,18066.6
Spain,Peaches and nectarines,2019,77700,19892
Spain,Pears,1961,6600,18939.4
Spain,Pears,1962,7100,17464.8
Spain,Pears,1963,9000,17555.6
Spain,Pears,1964,9600,16562.5
Spain,Pears,1965,12100,13966.9
Spain,Pears,1966,13800,12862.3
Spain,Pears,1967,14500,8220.7
Spain,Pears,1968,15600,14455.1
Spain,Pears,1969,17700,12745.8
Spain,Pears,1970,27400,8762.8
Spain,Pears,1971,29600,14121.6
Spain,Pears,1972,36100,12670.4
Spain,Pears,1973,36700,12831.1
Spain,Pears,1974,38700,12449.6
Spain,Pears,1975,38700,10679.6
Spain,Pears,1976,38800,13201
Spain,Pears,1977,34000,7105.9
Spain,Pears,1978,33400,13461.1
Spain,Pears,1979,33320,14303.7
Spain,Pears,1980,34600,12641.6
Spain,Pears,1981,34100,15390
Spain,Pears,1982,34800,12945.4
Spain,Pears,1983,34300,16075.8
Spain,Pears,1984,33600,14848.2
Spain,Pears,1985,38500,15445.5
Spain,Pears,1986,36800,10127.7
Spain,Pears,1987,35800,14541.9
Spain,Pears,1988,35400,12918.1
Spain,Pears,1989,35600,15398.9
Spain,Pears,1990,37600,11952.1
Spain,Pears,1991,36700,10553.1
Spain,Pears,1992,36700,17784.7
Spain,Pears,1993,36900,12864.5
Spain,Pears,1994,37300,15522.8
Spain,Pears,1995,37500,13941.3
Spain,Pears,1996,37300,17839.1
Spain,Pears,1997,40956,18479.6
Spain,Pears,1998,40703,14946.1
Spain,Pears,1999,40364,18462
Spain,Pears,2000,40224,16634.3
Spain,Pears,2001,35521,18959.4
Spain,Pears,2002,33202,18995
Spain,Pears,2003,38136,19096.5
Spain,Pears,2004,35973,16942.2
Spain,Pears,2005,33535,19078.8
Spain,Pears,2006,33630,17658.6
Spain,Pears,2007,31891,17304.2
Spain,Pears,2008,29216,18437.7
Spain,Pears,2009,27967,16589.9
Spain,Pears,2010,27333,17439.9
Spain,Pears,2011,27010,18601.8
Spain,Pears,2012,25512,15970.1
Spain,Pears,2013,24200,17590.9
Spain,Pears,2014,23640,18170.4
Spain,Pears,2015,22878,15535
Spain,Pears,2016,22547,15489.7
Spain,Pears,2017,21888,16491.1
Spain,Pears,2018,21330,15579.9
Spain,Pears,2019,20620,16036.4
Spain,Persimmons,1990,0,
Spain,Persimmons,1991,128,9546.9
Spain,Persimmons,1992,120,10183.3
Spain,Persimmons,1993,113,10814.2
Spain,Persimmons,1994,107,11420.6
Spain,Persimmons,1995,339,12047.2
Spain,Persimmons,1996,704,12683.2
Spain,Persimmons,1997,1035,13309.2
Spain,Persimmons,1998,1371,14062
Spain,Persimmons,1999,2018,14059
Spain,Persimmons,2000,2300,14347.8
Spain,Persimmons,2001,2300,15000
Spain,Persimmons,2002,2252,16008
Spain,Persimmons,2003,2654,17030.9
Spain,Persimmons,2004,2618,17494.3
Spain,Persimmons,2005,2885,18006.9
Spain,Persimmons,2006,3402,18518.5
Spain,Persimmons,2007,3518,19044.9
Spain,Persimmons,2008,4770,20000
Spain,Persimmons,2009,4768,21015.1
Spain,Persimmons,2010,5827,21499.9
Spain,Persimmons,2011,7243,22007.5
Spain,Persimmons,2012,9649,22002.3
Spain,Persimmons,2013,11034,22004.7
Spain,Persimmons,2014,13370,18324.6
Spain,Persimmons,2015,15987,16811.4
Spain,Persimmons,2016,17833,18014.2
Spain,Persimmons,2017,18526,21814.3
Spain,Plums and sloes,1961,2300,24608.7
Spain,Plums and sloes,1962,2400,20541.7
Spain,Plums and sloes,1963,2400,25458.3
Spain,Plums and sloes,1964,3800,19342.1
Spain,Plums and sloes,1965,4500,20333.3
Spain,Plums and sloes,1966,4400,13954.5
Spain,Plums and sloes,1967,4700,14744.7
Spain,Plums and sloes,1968,5000,16000
Spain,Plums and sloes,1969,5600,12321.4
Spain,Plums and sloes,1970,6000,9183.3
Spain,Plums and sloes,1971,6500,9107.7
Spain,Plums and sloes,1972,8200,8548.8
Spain,Plums and sloes,1973,11000,7745.5
Spain,Plums and sloes,1974,10100,8633.7
Spain,Plums and sloes,1975,10500,6923.8
Spain,Plums and sloes,1976,10700,8093.5
Spain,Plums and sloes,1977,11400,4728.1
Spain,Plums and sloes,1978,12000,7766.7
Spain,Plums and sloes,1979,12560,7143.3
Spain,Plums and sloes,1980,13100,7015.3
Spain,Plums and sloes,1981,13400,7820.9
Spain,Plums and sloes,1982,15000,7346.7
Spain,Plums and sloes,1983,14450,8567.5
Spain,Plums and sloes,1984,15000,8580
Spain,Plums and sloes,1985,19000,6722.2
Spain,Plums and sloes,1986,19300,6062.2
Spain,Plums and sloes,1987,20600,6495.1
Spain,Plums and sloes,1988,21400,5612.1
Spain,Plums and sloes,1989,21500,6660.5
Spain,Plums and sloes,1990,21100,5981
Spain,Plums and sloes,1991,21300,7108
Spain,Plums and sloes,1992,21100,6895.7
Spain,Plums and sloes,1993,21300,7375.6
Spain,Plums and sloes,1994,21200,7004.7
Spain,Plums and sloes,1995,20300,6118.2
Spain,Plums and sloes,1996,20300,7241.4
Spain,Plums and sloes,1997,20004,7921.2
Spain,Plums and sloes,1998,20066,7303.2
Spain,Plums and sloes,1999,20000,8012.5
Spain,Plums and sloes,2000,18425,9120.5
Spain,Plums and sloes,2001,17067,8773.3
Spain,Plums and sloes,2002,19231,10966.7
Spain,Plums and sloes,2003,20369,11307.1
Spain,Plums and sloes,2004,19570,7441.5
Spain,Plums and sloes,2005,20971,12007.6
Spain,Plums and sloes,2006,20520,8708.8
Spain,Plums and sloes,2007,19791,9655.9
Spain,Plums and sloes,2008,18695,10639.4
Spain,Plums and sloes,2009,18489,12590.2
Spain,Plums and sloes,2010,17950,12198.8
Spain,Plums and sloes,2011,17066,13528.5
Spain,Plums and sloes,2012,16600,12692.8
Spain,Plums and sloes,2013,16600,10385.5
Spain,Plums and sloes,2014,17003,13689.6
Spain,Plums and sloes,2015,16064,13526.6
Spain,Plums and sloes,2016,15278,12671.7
Spain,Plums and sloes,2017,15199,11337.9
Spain,Plums and sloes,2018,14640,10449.5
Spain,Plums and sloes,2019,14850,12110.4
Spain,Quinces,1961,635,39370.1
Spain,Quinces,1962,645,38759.7
Spain,Quinces,1963,658,39513.7
Spain,Quinces,1964,672,41666.7
Spain,Quinces,1965,673,37147.1
Spain,Quinces,1966,579,38849.7
Spain,Quinces,1967,613,32655.8
Spain,Quinces,1968,639,34907.7
Spain,Quinces,1969,671,27883.8
Spain,Quinces,1970,509,19691.6
Spain,Quinces,1971,546,18454.2
Spain,Quinces,1972,540,15657.4
Spain,Quinces,1973,903,12315.6
Spain,Quinces,1974,751,15014.6
Spain,Quinces,1975,769,15407
Spain,Quinces,1976,712,15564.6
Spain,Quinces,1977,702,15061.3
Spain,Quinces,1978,723,13751
Spain,Quinces,1979,766,14378.6
Spain,Quinces,1980,715,16251.7
Spain,Quinces,1981,665,17091.7
Spain,Quinces,1982,643,17681.2
Spain,Quinces,1983,572,18799
Spain,Quinces,1984,567,19202.8
Spain,Quinces,1985,1315,9272.2
Spain,Quinces,1986,1220,8968.9
Spain,Quinces,1987,1220,8950.8
Spain,Quinces,1988,1255,8890
Spain,Quinces,1989,1265,9276.7
Spain,Quinces,1990,1295,8985.3
Spain,Quinces,1991,1290,9463.6
Spain,Quinces,1992,1325,9258.9
Spain,Quinces,1993,1310,8413
Spain,Quinces,1994,1180,7722.9
Spain,Quinces,1995,1200,6992.5
Spain,Quinces,1996,1070,7936.4
Spain,Quinces,1997,900,7777.8
Spain,Quinces,1998,627,7315.8
Spain,Quinces,1999,700,7142.9
Spain,Quinces,2000,452,8849.6
Spain,Quinces,2001,849,10107.2
Spain,Quinces,2002,945,11494.2
Spain,Quinces,2003,1012,14020.8
Spain,Quinces,2004,1334,12957.3
Spain,Quinces,2005,1373,13701.4
Spain,Quinces,2006,1380,9518.8
Spain,Quinces,2007,1236,9788
Spain,Quinces,2008,1333,8780.9
Spain,Quinces,2009,1327,11517
Spain,Quinces,2010,1304,9791.4
Spain,Quinces,2011,1341,9780
Spain,Quinces,2012,1386,5823.2
Spain,Quinces,2013,1377,8429.2
Spain,Quinces,2014,1385,8100.4
Spain,Quinces,2015,1382,7751.1
Spain,Quinces,2016,1406,6960.9
Spain,Quinces,2017,1420,5919
Spain,Raspberries,1961,,
Spain,Raspberries,1962,,
Spain,Raspberries,1963,,
Spain,Raspberries,1964,,
Spain,Raspberries,1965,,
Spain,Raspberries,1966,,
Spain,Raspberries,1967,,
Spain,Raspberries,1968,,
Spain,Raspberries,1969,,
Spain,Raspberries,1970,,
Spain,Raspberries,1971,,
Spain,Raspberries,1972,,
Spain,Raspberries,1973,,
Spain,Raspberries,1974,,
Spain,Raspberries,1975,,
Spain,Raspberries,1976,,
Spain,Raspberries,1977,,
Spain,Raspberries,1978,,
Spain,Raspberries,1979,,
Spain,Raspberries,1980,,
Spain,Raspberries,1981,,
Spain,Raspberries,1982,,
Spain,Raspberries,1983,,
Spain,Raspberries,1984,,
Spain,Raspberries,1985,250,4000
Spain,Raspberries,1986,250,4000
Spain,Raspberries,1987,250,4000
Spain,Raspberries,1988,250,4000
Spain,Raspberries,1989,250,4000
Spain,Raspberries,1990,247,4356.3
Spain,Raspberries,1991,902,2839.2
Spain,Raspberries,1992,899,2848.7
Spain,Raspberries,1993,893,2867.9
Spain,Raspberries,1994,833,3074.4
Spain,Raspberries,1995,768,3334.6
Spain,Raspberries,1996,659,3400.6
Spain,Raspberries,1997,328,3649.4
Spain,Raspberries,1998,300,4000
Spain,Raspberries,1999,500,4000
Spain,Raspberries,2000,625,4000
Spain,Raspberries,2001,800,4000
Spain,Raspberries,2002,1125,4000
Spain,Raspberries,2003,1098,4569.2
Spain,Raspberries,2004,1200,5000
Spain,Raspberries,2005,1400,5000
Spain,Raspberries,2006,1360,5514.7
Spain,Raspberries,2007,2000,5000
Spain,Raspberries,2008,2200,5454.5
Spain,Raspberries,2009,1098,10929
Spain,Raspberries,2010,1025,9001
Spain,Raspberries,2011,1047,9123.2
Spain,Raspberries,2012,1444,8955
Spain,Raspberries,2013,1400,8357.1
Spain,Raspberries,2014,1485,9634.3
Spain,Raspberries,2015,1847,9054.7
Spain,Raspberries,2016,2121,10364.5
Spain,Raspberries,2017,2482,17537.9
Spain,Raspberries,2018,2570,17007.8
Spain,Raspberries,2019,2490,24092.4
Spain,Strawberries,1961,2700,3245.2
Spain,Strawberries,1962,2000,2955.5
Spain,Strawberries,1963,2000,2870
Spain,Strawberries,1964,2000,3252
Spain,Strawberries,1965,2100,2873.8
Spain,Strawberries,1966,2300,3043.5
Spain,Strawberries,1967,2800,2989.3
Spain,Strawberries,1968,3400,2649.1
Spain,Strawberries,1969,3200,2870
Spain,Strawberries,1970,3700,2837.8
Spain,Strawberries,1971,4100,2512.2
Spain,Strawberries,1972,4200,3214.3
Spain,Strawberries,1973,4600,3782.6
Spain,Strawberries,1974,4400,4136.4
Spain,Strawberries,1975,4600,5913
Spain,Strawberries,1976,4300,7279.1
Spain,Strawberries,1977,4500,7511.1
Spain,Strawberries,1978,5100,9941.2
Spain,Strawberries,1979,5786,13982
Spain,Strawberries,1980,5800,17017.2
Spain,Strawberries,1981,4700,20638.3
Spain,Strawberries,1982,6100,15196.7
Spain,Strawberries,1983,6000,16683.3
Spain,Strawberries,1984,7300,19315.1
Spain,Strawberries,1985,8700,18793.1
Spain,Strawberries,1986,9800,19336.7
Spain,Strawberries,1987,10700,21523.4
Spain,Strawberries,1988,10600,21349.1
Spain,Strawberries,1989,11500,22252.2
Spain,Strawberries,1990,9956,20741.3
Spain,Strawberries,1991,7734,23416.1
Spain,Strawberries,1992,8100,26938.3
Spain,Strawberries,1993,8843,29560.1
Spain,Strawberries,1994,8900,31707.9
Spain,Strawberries,1995,8900,32078.7
Spain,Strawberries,1996,8100,28296.3
Spain,Strawberries,1997,9271,29525.8
Spain,Strawberries,1998,9300,33150.5
Spain,Strawberries,1999,10937,34518.3
Spain,Strawberries,2000,11055,31195.4
Spain,Strawberries,2001,9775,32130.8
Spain,Strawberries,2002,8904,31383.8
Spain,Strawberries,2003,9145,28894.1
Spain,Strawberries,2004,7713,43419.2
Spain,Strawberries,2005,8748,36677.3
Spain,Strawberries,2006,8296,39836.7
Spain,Strawberries,2007,8078,33317.5
Spain,Strawberries,2008,8134,34575.9
Spain,Strawberries,2009,7011,38050.5
Spain,Strawberries,2010,7564,36403.4
Spain,Strawberries,2011,6896,38098.9
Spain,Strawberries,2012,7645,38043.6
Spain,Strawberries,2013,8000,39062.5
Spain,Strawberries,2014,7790,37467.3
Spain,Strawberries,2015,7214,55083
Spain,Strawberries,2016,6867,54987
Spain,Strawberries,2017,6819,52854.7
Spain,Strawberries,2018,7030,49029.9
Spain,Strawberries,2019,7260,48479.3
Spain,"Tangerines, mandarins, clementines, satsumas",1961,10300,13000
Spain,"Tangerines, mandarins, clementines, satsumas",1962,11600,9819
Spain,"Tangerines, mandarins, clementines, satsumas",1963,13600,11816.2
Spain,"Tangerines, mandarins, clementines, satsumas",1964,10000,15560
Spain,"Tangerines, mandarins, clementines, satsumas",1965,11500,14347.8
Spain,"Tangerines, mandarins, clementines, satsumas",1966,13600,16066.2
Spain,"Tangerines, mandarins, clementines, satsumas",1967,13300,15789.5
Spain,"Tangerines, mandarins, clementines, satsumas",1968,13800,14058
Spain,"Tangerines, mandarins, clementines, satsumas",1969,16600,16586.3
Spain,"Tangerines, mandarins, clementines, satsumas",1970,20200,17282.2
Spain,"Tangerines, mandarins, clementines, satsumas",1971,26000,14338.5
Spain,"Tangerines, mandarins, clementines, satsumas",1972,29400,19663.3
Spain,"Tangerines, mandarins, clementines, satsumas",1973,46000,13032.6
Spain,"Tangerines, mandarins, clementines, satsumas",1974,46800,12623.9
Spain,"Tangerines, mandarins, clementines, satsumas",1975,50600,12879.4
Spain,"Tangerines, mandarins, clementines, satsumas",1976,51000,12943.1
Spain,"Tangerines, mandarins, clementines, satsumas",1977,42000,16973.8
Spain,"Tangerines, mandarins, clementines, satsumas",1978,40541,22480.9
Spain,"Tangerines, mandarins, clementines, satsumas",1979,40710,19721
Spain,"Tangerines, mandarins, clementines, satsumas",1980,42500,21312.9
Spain,"Tangerines, mandarins, clementines, satsumas",1981,45500,15881.3
Spain,"Tangerines, mandarins, clementines, satsumas",1982,44800,19622.8
Spain,"Tangerines, mandarins, clementines, satsumas",1983,49500,24937.4
Spain,"Tangerines, mandarins, clementines, satsumas",1984,51133,16992.3
Spain,"Tangerines, mandarins, clementines, satsumas",1985,52300,20091.8
Spain,"Tangerines, mandarins, clementines, satsumas",1986,53800,21630.1
Spain,"Tangerines, mandarins, clementines, satsumas",1987,56737,22798.2
Spain,"Tangerines, mandarins, clementines, satsumas",1988,63000,19925.4
Spain,"Tangerines, mandarins, clementines, satsumas",1989,64600,22492.3
Spain,"Tangerines, mandarins, clementines, satsumas",1990,67477,23348.7
Spain,"Tangerines, mandarins, clementines, satsumas",1991,66759,20076.7
Spain,"Tangerines, mandarins, clementines, satsumas",1992,68729,22136.2
Spain,"Tangerines, mandarins, clementines, satsumas",1993,70399,23167.9
Spain,"Tangerines, mandarins, clementines, satsumas",1994,77022,23172.6
Spain,"Tangerines, mandarins, clementines, satsumas",1995,79442,21231.8
Spain,"Tangerines, mandarins, clementines, satsumas",1996,82800,18161.8
Spain,"Tangerines, mandarins, clementines, satsumas",1997,102122,19561.3
Spain,"Tangerines, mandarins, clementines, satsumas",1998,102000,17255.9
Spain,"Tangerines, mandarins, clementines, satsumas",1999,108316,18776.7
Spain,"Tangerines, mandarins, clementines, satsumas",2000,110487,16309
Spain,"Tangerines, mandarins, clementines, satsumas",2001,114347,15377.2
Spain,"Tangerines, mandarins, clementines, satsumas",2002,118742,17416.8
Spain,"Tangerines, mandarins, clementines, satsumas",2003,118639,17366.8
Spain,"Tangerines, mandarins, clementines, satsumas",2004,118356,20783.2
Spain,"Tangerines, mandarins, clementines, satsumas",2005,121044,16167
Spain,"Tangerines, mandarins, clementines, satsumas",2006,121292,20677.8
Spain,"Tangerines, mandarins, clementines, satsumas",2007,121727,16327
Spain,"Tangerines, mandarins, clementines, satsumas",2008,119875,18585.3
Spain,"Tangerines, mandarins, clementines, satsumas",2009,119154,16786.3
Spain,"Tangerines, mandarins, clementines, satsumas",2010,120256,18268.4
Spain,"Tangerines, mandarins, clementines, satsumas",2011,120212,17611.5
Spain,"Tangerines, mandarins, clementines, satsumas",2012,115927,16141.8
Spain,"Tangerines, mandarins, clementines, satsumas",2013,114100,19271.7
Spain,"Tangerines, mandarins, clementines, satsumas",2014,113292,21093.1
Spain,"Tangerines, mandarins, clementines, satsumas",2015,195003,19164.6
Spain,"Tangerines, mandarins, clementines, satsumas",2016,109127,21828.4
Spain,"Tangerines, mandarins, clementines, satsumas",2017,107515,18295.3
Spain,"Tangerines, mandarins, clementines, satsumas",2018,108610,18217.3
Spain,"Tangerines, mandarins, clementines, satsumas",2019,105580,17298.2
Spain,Watermelons,1961,22995,14304.6
Spain,Watermelons,1962,22155,13435
Spain,Watermelons,1963,21944,13752.5
Spain,Watermelons,1964,19926,13791.8
Spain,Watermelons,1965,16460,12539.5
Spain,Watermelons,1966,17973,11739.8
Spain,Watermelons,1967,17513,11984
Spain,Watermelons,1968,17840,11754.2
Spain,Watermelons,1969,16319,12752
Spain,Watermelons,1970,15757,13003.7
Spain,Watermelons,1971,17200,13848.8
Spain,Watermelons,1972,17400,13425.3
Spain,Watermelons,1973,22300,16170.4
Spain,Watermelons,1974,25600,16304.7
Spain,Watermelons,1975,29500,17894.9
Spain,Watermelons,1976,29600,17486.5
Spain,Watermelons,1977,25900,17347.5
Spain,Watermelons,1978,28200,16305
Spain,Watermelons,1979,29600,18652
Spain,Watermelons,1980,29100,18123.7
Spain,Watermelons,1981,30500,18249.2
Spain,Watermelons,1982,29300,18866.9
Spain,Watermelons,1983,29000,19737.9
Spain,Watermelons,1984,29232,19099.8
Spain,Watermelons,1985,27957,20337.4
Spain,Watermelons,1986,25800,20914.7
Spain,Watermelons,1987,27400,22970.8
Spain,Watermelons,1988,27500,22810.9
Spain,Watermelons,1989,29500,22159.3
Spain,Watermelons,1990,30800,26483.8
Spain,Watermelons,1991,27300,24908.4
Spain,Watermelons,1992,26200,24732.8
Spain,Watermelons,1993,23200,26034.5
Spain,Watermelons,1994,22300,26228.7
Spain,Watermelons,1995,21800,33486.2
Spain,Watermelons,1996,20100,32408
Spain,Watermelons,1997,20218,33308.8
Spain,Watermelons,1998,19700,38446.7
Spain,Watermelons,1999,18600,37828
Spain,Watermelons,2000,18300,39203.4
Spain,Watermelons,2001,17658,37637.1
Spain,Watermelons,2002,15677,39710.8
Spain,Watermelons,2003,16022,45752.5
Spain,Watermelons,2004,17209,47429.1
Spain,Watermelons,2005,16235,44325.3
Spain,Watermelons,2006,16174,45189.9
Spain,Watermelons,2007,16861,46909.9
Spain,Watermelons,2008,15674,46137.8
Spain,Watermelons,2009,18082,47117.4
Spain,Watermelons,2010,18648,41957.9
Spain,Watermelons,2011,17783,43091.8
Spain,Watermelons,2012,18942,45999.6
Spain,Watermelons,2013,17900,48575.4
Spain,Watermelons,2014,17949,47834.1
Spain,Watermelons,2015,19147,54300.8
Spain,Watermelons,2016,19156,57009.6
Spain,Watermelons,2017,20026,55587.3
Spain,Watermelons,2018,20400,53549
Spain,Watermelons,2019,21460,55922.2
UK,Apples,1961,31000,10935.5
UK,Apples,1962,33000,17666.7
UK,Apples,1963,32000,17031.3
UK,Apples,1964,35000,18657.1
UK,Apples,1965,32000,16531.3
UK,Apples,1966,29000,12758.6
UK,Apples,1967,26000,12769.2
UK,Apples,1968,27000,14148.1
UK,Apples,1969,32000,13968.8
UK,Apples,1970,33000,18061.1
UK,Apples,1971,33000,16069
UK,Apples,1972,31000,12104.1
UK,Apples,1973,31000,15807.8
UK,Apples,1974,32000,12400
UK,Apples,1975,31000,12083.9
UK,Apples,1976,31000,11725.8
UK,Apples,1977,29000,9310.3
UK,Apples,1978,30000,13040
UK,Apples,1979,30000,12100
UK,Apples,1980,30000,11906.7
UK,Apples,1981,29000,7993.1
UK,Apples,1982,29000,12520.7
UK,Apples,1983,30000,10383.3
UK,Apples,1984,29000,11951.7
UK,Apples,1985,28000,10907.1
UK,Apples,1986,27000,11207.4
UK,Apples,1987,24000,11861.3
UK,Apples,1988,23000,11669.6
UK,Apples,1989,21977,20370.1
UK,Apples,1990,21285,14520
UK,Apples,1991,20740,15584.4
UK,Apples,1992,19875,19592.5
UK,Apples,1993,19292,18417
UK,Apples,1994,19264,18158.2
UK,Apples,1995,19900,13110.6
UK,Apples,1996,11993,18644.2
UK,Apples,1997,13500,13851.9
UK,Apples,1998,13300,13812
UK,Apples,1999,12800,19250
UK,Apples,2000,13000,16061.5
UK,Apples,2001,11190,18927.6
UK,Apples,2002,9850,18213.2
UK,Apples,2003,9140,15744
UK,Apples,2004,9170,18582.3
UK,Apples,2005,8450,25810.7
UK,Apples,2006,15560,17303.3
UK,Apples,2007,14960,16250
UK,Apples,2008,15516,15654.8
UK,Apples,2009,15550,14726.7
UK,Apples,2010,15698,14998.7
UK,Apples,2011,15629,15349
UK,Apples,2012,15964,12750.6
UK,Apples,2013,16077,24787
UK,Apples,2014,16056,28114.1
UK,Apples,2015,15871,28958.5
UK,Apples,2016,16512,29136.4
UK,Apples,2017,16607,32233.4
UK,Apples,2018,16427,30778.6
UK,Apples,2019,15940,28632.4
UK,Cherries,1961,4000,3784.8
UK,Cherries,1962,4500,4899.6
UK,Cherries,1963,4000,3276.8
UK,Cherries,1964,4000,3530.8
UK,Cherries,1965,3000,3251.3
UK,Cherries,1966,1500,3386.7
UK,Cherries,1967,800,3301.3
UK,Cherries,1968,800,4572.5
UK,Cherries,1969,1000,4400
UK,Cherries,1970,3100,4516.1
UK,Cherries,1971,2500,4600
UK,Cherries,1972,2800,4500
UK,Cherries,1973,2000,3850
UK,Cherries,1974,2200,4409.1
UK,Cherries,1975,2000,3550
UK,Cherries,1976,2200,3909.1
UK,Cherries,1977,800,3625
UK,Cherries,1978,800,4500
UK,Cherries,1979,1400,4428.6
UK,Cherries,1980,1600,4437.5
UK,Cherries,1981,800,3500
UK,Cherries,1982,1500,4533.3
UK,Cherries,1983,800,3625
UK,Cherries,1984,1200,4500
UK,Cherries,1985,830,5768.7
UK,Cherries,1986,820,4595.1
UK,Cherries,1987,850,4270.6
UK,Cherries,1988,800,2000
UK,Cherries,1989,841,4082
UK,Cherries,1990,872,1814.2
UK,Cherries,1991,872,2575.7
UK,Cherries,1992,808,5569.3
UK,Cherries,1993,772,3886
UK,Cherries,1994,778,1928
UK,Cherries,1995,800,4375
UK,Cherries,1996,600,6000
UK,Cherries,1997,500,1200
UK,Cherries,1998,500,1800
UK,Cherries,1999,500,2600
UK,Cherries,2000,500,800
UK,Cherries,2001,470,2978.7
UK,Cherries,2002,430,3023.3
UK,Cherries,2003,380,2631.6
UK,Cherries,2004,390,2820.5
UK,Cherries,2005,400,2750
UK,Cherries,2006,400,2750
UK,Cherries,2007,447,2729.3
UK,Cherries,2008,447,2684.6
UK,Cherries,2009,456,2741.2
UK,Cherries,2010,500,2400
UK,Cherries,2011,550,2729.1
UK,Cherries,2012,609,2729.1
UK,Cherries,2013,659,5253.4
UK,Cherries,2014,688,5799.4
UK,Cherries,2015,711,6610.4
UK,Cherries,2016,710,2394.4
UK,Cherries,2017,731,8870
UK,Cherries,2018,756,4719.6
UK,Cherries,2019,766,7500
UK,Currants,1961,3000,7146
UK,Currants,1962,3000,7891.3
UK,Currants,1963,3500,9144.6
UK,Currants,1964,3500,8505.7
UK,Currants,1965,3500,8534.9
UK,Currants,1966,3000,6197.7
UK,Currants,1967,2750,2844.7
UK,Currants,1968,2750,5431.3
UK,Currants,1969,3000,8704
UK,Currants,1970,3000,7281.7
UK,Currants,1971,3000,8297.7
UK,Currants,1972,3000,9212.3
UK,Currants,1973,3000,7485
UK,Currants,1974,3000,8026.7
UK,Currants,1975,3100,8129
UK,Currants,1976,3000,6366.7
UK,Currants,1977,2500,3680
UK,Currants,1978,3000,6233.3
UK,Currants,1979,3100,7290.3
UK,Currants,1980,3000,6700
UK,Currants,1981,3000,6766.7
UK,Currants,1982,3000,6233.3
UK,Currants,1983,3500,9000
UK,Currants,1984,3000,6100
UK,Currants,1985,2950,7358
UK,Currants,1986,2950,8836.6
UK,Currants,1987,2950,6322
UK,Currants,1988,2950,6983.1
UK,Currants,1989,3133,5879.7
UK,Currants,1990,3414,4729.3
UK,Currants,1991,3572,6399.2
UK,Currants,1992,3581,8600.9
UK,Currants,1993,3317,7748
UK,Currants,1994,3335,7016.5
UK,Currants,1995,2900,6689.7
UK,Currants,1996,2500,9200
UK,Currants,1997,2000,5350
UK,Currants,1998,1300,5769.2
UK,Currants,1999,1500,5600
UK,Currants,2000,2000,6150
UK,Currants,2001,2390,6443.5
UK,Currants,2002,2330,5579.4
UK,Currants,2003,2600,7346.2
UK,Currants,2004,2950,6169.5
UK,Currants,2005,2700,7296.3
UK,Currants,2006,2596,5991.9
UK,Currants,2007,2553,4896.2
UK,Currants,2008,2435,5626.3
UK,Currants,2009,2472,6391.6
UK,Currants,2010,2511,6889.7
UK,Currants,2011,2477,4736.4
UK,Currants,2012,2471,4819.9
UK,Currants,2013,2525,6727.1
UK,Currants,2014,2538,5003.2
UK,Currants,2015,2514,6055.7
UK,Currants,2016,2502,4891.3
UK,Currants,2017,2571,5406.1
UK,Currants,2018,2529,5987
UK,Currants,2019,2516,5345
UK,Gooseberries,1961,1700,8904.7
UK,Gooseberries,1962,1500,8873.3
UK,Gooseberries,1963,1700,9682.4
UK,Gooseberries,1964,1300,8675.4
UK,Gooseberries,1965,1700,9502.9
UK,Gooseberries,1966,1200,9229.2
UK,Gooseberries,1967,800,9398.8
UK,Gooseberries,1968,1300,9613.1
UK,Gooseberries,1969,1300,9926.2
UK,Gooseberries,1970,1300,9847.7
UK,Gooseberries,1971,1300,8050
UK,Gooseberries,1972,1300,9613.1
UK,Gooseberries,1973,1300,9535.4
UK,Gooseberries,1974,1300,9692.3
UK,Gooseberries,1975,800,9125
UK,Gooseberries,1976,800,8875
UK,Gooseberries,1977,700,7428.6
UK,Gooseberries,1978,750,7866.7
UK,Gooseberries,1979,800,8625
UK,Gooseberries,1980,800,9250
UK,Gooseberries,1981,750,7733.3
UK,Gooseberries,1982,800,9500
UK,Gooseberries,1983,800,9875
UK,Gooseberries,1984,1000,8200
UK,Gooseberries,1985,1000,7790
UK,Gooseberries,1986,800,8541.3
UK,Gooseberries,1987,780,8048.7
UK,Gooseberries,1988,700,7285.7
UK,Gooseberries,1989,584,6972.6
UK,Gooseberries,1990,531,5146.9
UK,Gooseberries,1991,505,7605.9
UK,Gooseberries,1992,453,9713
UK,Gooseberries,1993,410,9756.1
UK,Gooseberries,1994,412,10194.2
UK,Gooseberries,1995,400,6250
UK,Gooseberries,1996,300,8000
UK,Gooseberries,1997,360,5000
UK,Gooseberries,1998,240,6250
UK,Gooseberries,1999,230,7391.3
UK,Gooseberries,2000,220,6818.2
UK,Gooseberries,2001,215,6418.6
UK,Gooseberries,2002,212,7452.8
UK,Gooseberries,2003,215,7488.4
UK,Gooseberries,2004,215,7488.4
UK,Gooseberries,2005,215,7488.4
UK,Gooseberries,2006,295,6305.1
UK,Gooseberries,2007,268,8582.1
UK,Gooseberries,2008,265,8301.9
UK,Gooseberries,2009,290,8965.5
UK,Gooseberries,2010,277,9205.8
UK,Gooseberries,2011,290,8613.8
UK,Gooseberries,2012,293,8320.8
UK,Gooseberries,2013,294,8472.8
UK,Gooseberries,2014,284,8471.8
UK,Gooseberries,2015,251,8605.6
UK,Gooseberries,2016,230,8765.2
UK,Gooseberries,2017,213,8868.5
UK,Gooseberries,2018,198,8994.9
UK,Gooseberries,2019,186,9069.9
UK,Grapes,1989,600,3333.3
UK,Grapes,1990,600,3333.3
UK,Grapes,1991,600,3333.3
UK,Grapes,1992,500,4000
UK,Grapes,1993,500,4000
UK,Grapes,1994,500,4000
UK,Grapes,1995,500,4000
UK,Grapes,1996,900,2222.2
UK,Grapes,1997,870,2298.9
UK,Grapes,1998,842,2375.3
UK,Grapes,1999,813,1592.9
UK,Grapes,2000,809,1730.5
UK,Grapes,2001,820,1809.8
UK,Grapes,2002,734,2043.6
UK,Grapes,2003,756,1587.3
UK,Grapes,2004,750,1482.7
UK,Grapes,2005,748,1485.3
UK,Grapes,2006,738,1429.5
UK,Grapes,2007,700,1428.6
UK,Grapes,2008,708,1313.6
UK,Grapes,2009,662,1315.7
UK,Grapes,2010,591,1341.8
UK,Grapes,2011,560,1301.8
UK,Grapes,2012,528,1259.5
UK,Grapes,2013,486,1236.6
UK,Grapes,2014,465,1141.9
UK,Grapes,2015,440,1068.2
UK,Grapes,2016,369,1073.2
UK,Grapes,2017,323,1037.2
UK,Grapes,2018,273,1007.3
UK,Grapes,2019,218,981.7
UK,Pears,1961,4200,12619
UK,Pears,1962,4300,13953.5
UK,Pears,1963,4500,14666.7
UK,Pears,1964,4700,14680.9
UK,Pears,1965,4500,14888.9
UK,Pears,1966,4300,9069.8
UK,Pears,1967,4000,4000
UK,Pears,1968,5000,15200
UK,Pears,1969,4200,14345.2
UK,Pears,1970,5000,15200
UK,Pears,1971,5000,14600
UK,Pears,1972,4200,12458.8
UK,Pears,1973,4200,10910.5
UK,Pears,1974,4100,13048.8
UK,Pears,1975,4000,6850
UK,Pears,1976,4300,14395.3
UK,Pears,1977,4100,8780.5
UK,Pears,1978,4000,6650
UK,Pears,1979,5000,14540
UK,Pears,1980,4200,10452.4
UK,Pears,1981,4200,11714.3
UK,Pears,1982,4200,9619
UK,Pears,1983,4300,12558.1
UK,Pears,1984,4300,11186
UK,Pears,1985,4250,11921.6
UK,Pears,1986,4250,10979.5
UK,Pears,1987,5000,13180
UK,Pears,1988,4000,8075
UK,Pears,1989,3752,11488.3
UK,Pears,1990,3653,10051.7
UK,Pears,1991,3597,10598.6
UK,Pears,1992,3533,7302.6
UK,Pears,1993,3503,12475
UK,Pears,1994,3507,7128.6
UK,Pears,1995,3500,10971.4
UK,Pears,1996,2700,14851.9
UK,Pears,1997,2600,12692.3
UK,Pears,1998,2500,10520
UK,Pears,1999,2300,9869.6
UK,Pears,2000,2400,11083.3
UK,Pears,2001,2330,16523.6
UK,Pears,2002,2040,16764.7
UK,Pears,2003,1740,17011.5
UK,Pears,2004,1670,13592.8
UK,Pears,2005,1670,14012
UK,Pears,2006,1600,17750
UK,Pears,2007,1536,13439.5
UK,Pears,2008,1472,13451.1
UK,Pears,2009,1507,13603.2
UK,Pears,2010,1680,19523.8
UK,Pears,2011,1579,20418
UK,Pears,2012,1471,17409.9
UK,Pears,2013,1446,15650.1
UK,Pears,2014,1448,17872.9
UK,Pears,2015,1483,17869.2
UK,Pears,2016,1524,15748
UK,Pears,2017,1539,17300.2
UK,Pears,2018,1554,17099.7
UK,Pears,2019,1515,18089.8
UK,Plums and sloes,1961,5000,13716.6
UK,Plums and sloes,1962,5500,12617.5
UK,Plums and sloes,1963,6000,14140
UK,Plums and sloes,1964,4000,11684.5
UK,Plums and sloes,1965,3800,9946.6
UK,Plums and sloes,1966,3900,7503.1
UK,Plums and sloes,1967,3500,4035.1
UK,Plums and sloes,1968,6000,13733.7
UK,Plums and sloes,1969,4000,13996
UK,Plums and sloes,1970,4500,12955.6
UK,Plums and sloes,1971,4000,10200
UK,Plums and sloes,1972,4000,11176.5
UK,Plums and sloes,1973,4500,11537.8
UK,Plums and sloes,1974,4500,11200
UK,Plums and sloes,1975,2500,8400
UK,Plums and sloes,1976,3000,14333.3
UK,Plums and sloes,1977,3500,12228.6
UK,Plums and sloes,1978,3400,11970.6
UK,Plums and sloes,1979,3600,13500
UK,Plums and sloes,1980,3500,13314.3
UK,Plums and sloes,1981,2000,7900
UK,Plums and sloes,1982,2500,13560
UK,Plums and sloes,1983,2500,14560
UK,Plums and sloes,1984,2500,13600
UK,Plums and sloes,1985,2300,10328.3
UK,Plums and sloes,1986,2900,11458.6
UK,Plums and sloes,1987,2900,12275.9
UK,Plums and sloes,1988,2300,10043.5
UK,Plums and sloes,1989,2383,4738.6
UK,Plums and sloes,1990,2315,3301.1
UK,Plums and sloes,1991,2320,10712.9
UK,Plums and sloes,1992,2297,9273
UK,Plums and sloes,1993,2166,6417.4
UK,Plums and sloes,1994,2181,5914.7
UK,Plums and sloes,1995,2000,7350
UK,Plums and sloes,1996,1500,13200
UK,Plums and sloes,1997,1400,8642.9
UK,Plums and sloes,1998,1300,4923.1
UK,Plums and sloes,1999,1100,8454.5
UK,Plums and sloes,2000,1200,4416.7
UK,Plums and sloes,2001,1070,13831.8
UK,Plums and sloes,2002,950,13263.2
UK,Plums and sloes,2003,1000,15100
UK,Plums and sloes,2004,980,13877.6
UK,Plums and sloes,2005,1050,13619
UK,Plums and sloes,2006,1000,14100
UK,Plums and sloes,2007,888,15540.5
UK,Plums and sloes,2008,880,28409.1
UK,Plums and sloes,2009,864,14930.6
UK,Plums and sloes,2010,870,15172.4
UK,Plums and sloes,2011,850,15218.8
UK,Plums and sloes,2012,841,6655.2
UK,Plums and sloes,2013,825,15000
UK,Plums and sloes,2014,752,15500
UK,Plums and sloes,2015,730,15616.4
UK,Plums and sloes,2016,721,12801.7
UK,Plums and sloes,2017,640,12500
UK,Plums and sloes,2018,620,14000
UK,Plums and sloes,2019,585,12600
UK,Raspberries,1961,3000,4673.7
UK,Raspberries,1962,3000,5181.7
UK,Raspberries,1963,3000,5249.3
UK,Raspberries,1964,3200,5620
UK,Raspberries,1965,3000,5182
UK,Raspberries,1966,3000,5317.3
UK,Raspberries,1967,2800,4898.9
UK,Raspberries,1968,3300,5727
UK,Raspberries,1969,3700,6013.5
UK,Raspberries,1970,3300,5696.1
UK,Raspberries,1971,3000,5046.3
UK,Raspberries,1972,3200,5493.1
UK,Raspberries,1973,3000,5215.7
UK,Raspberries,1974,3900,6102.6
UK,Raspberries,1975,3100,6161.3
UK,Raspberries,1976,3000,5266.7
UK,Raspberries,1977,3100,5871
UK,Raspberries,1978,3600,6027.8
UK,Raspberries,1979,3300,6181.8
UK,Raspberries,1980,3700,6027
UK,Raspberries,1981,3700,5864.9
UK,Raspberries,1982,4000,6025
UK,Raspberries,1983,3600,6055.6
UK,Raspberries,1984,4000,6100
UK,Raspberries,1985,3800,5949.2
UK,Raspberries,1986,3700,6337.8
UK,Raspberries,1987,3700,6495.4
UK,Raspberries,1988,3700,6472.4
UK,Raspberries,1989,3750,6107.5
UK,Raspberries,1990,3900,4917.9
UK,Raspberries,1991,3491,5599.8
UK,Raspberries,1992,3404,5611
UK,Raspberries,1993,3441,5434.5
UK,Raspberries,1994,3415,5095.2
UK,Raspberries,1995,2700,3888.9
UK,Raspberries,1996,2700,4518.5
UK,Raspberries,1997,2400,3958.3
UK,Raspberries,1998,2400,5333.3
UK,Raspberries,1999,2100,5238.1
UK,Raspberries,2000,1800,5444.4
UK,Raspberries,2001,1440,5347.2
UK,Raspberries,2002,1260,5793.7
UK,Raspberries,2003,1260,6746
UK,Raspberries,2004,1295,7722
UK,Raspberries,2005,1430,8531.5
UK,Raspberries,2006,1466,8335.6
UK,Raspberries,2007,1571,9420.8
UK,Raspberries,2008,1701,9112.3
UK,Raspberries,2009,1757,8708
UK,Raspberries,2010,1770,9604.5
UK,Raspberries,2011,1721,9033.1
UK,Raspberries,2012,1616,9639.9
UK,Raspberries,2013,1548,9411.5
UK,Raspberries,2014,1462,12151.2
UK,Raspberries,2015,1538,11210.7
UK,Raspberries,2016,1552,9605.7
UK,Raspberries,2017,1511,10913.3
UK,Raspberries,2018,1428,11063.7
UK,Raspberries,2019,1424,11720.5
UK,Strawberries,1961,6000,5842.3
UK,Strawberries,1962,6250,5949.9
UK,Strawberries,1963,6000,5825.3
UK,Strawberries,1964,6250,6437.8
UK,Strawberries,1965,6100,5596.6
UK,Strawberries,1966,6250,6275.2
UK,Strawberries,1967,6500,7346.8
UK,Strawberries,1968,6300,7128.4
UK,Strawberries,1969,6500,8300.3
UK,Strawberries,1970,6250,7185.4
UK,Strawberries,1971,6300,7999.4
UK,Strawberries,1972,6500,8331.5
UK,Strawberries,1973,6500,8190.9
UK,Strawberries,1974,6700,9164.2
UK,Strawberries,1975,6250,7232
UK,Strawberries,1976,6000,6150
UK,Strawberries,1977,6250,6736
UK,Strawberries,1978,6500,8353.8
UK,Strawberries,1979,6500,8430.8
UK,Strawberries,1980,6500,8215.4
UK,Strawberries,1981,6250,8288
UK,Strawberries,1982,6500,8676.9
UK,Strawberries,1983,6700,8656.7
UK,Strawberries,1984,6500,9030.8
UK,Strawberries,1985,6250,8517.4
UK,Strawberries,1986,6250,7746.6
UK,Strawberries,1987,6250,8612.2
UK,Strawberries,1988,6250,8349
UK,Strawberries,1989,6167,7751.9
UK,Strawberries,1990,6059,8632.1
UK,Strawberries,1991,5650,8740.5
UK,Strawberries,1992,5261,9103
UK,Strawberries,1993,5229,11228.5
UK,Strawberries,1994,5250,7904.8
UK,Strawberries,1995,5200,8057.7
UK,Strawberries,1996,4500,8933.3
UK,Strawberries,1997,4200,7809.5
UK,Strawberries,1998,3500,9971.4
UK,Strawberries,1999,3300,12727.3
UK,Strawberries,2000,3300,11303
UK,Strawberries,2001,3420,10701.8
UK,Strawberries,2002,3300,12545.5
UK,Strawberries,2003,3320,14186.7
UK,Strawberries,2004,3450,15217.4
UK,Strawberries,2005,3900,17589.7
UK,Strawberries,2006,4500,16422.2
UK,Strawberries,2007,4656,19780.9
UK,Strawberries,2008,4879,21500.3
UK,Strawberries,2009,4921,22332.9
UK,Strawberries,2010,4968,20712.6
UK,Strawberries,2011,4596,22162.5
UK,Strawberries,2012,4648,20405.1
UK,Strawberries,2013,4606,20383.8
UK,Strawberries,2014,4535,23023.4
UK,Strawberries,2015,4511,25602.7
UK,Strawberries,2016,4811,25010.8
UK,Strawberries,2017,4721,26990
UK,Strawberries,2018,4798,29326.8
UK,Strawberries,2019,4774,29659.4
